1
3
13
1.227274 0.040259 0.076306 -0.024664 0.030167 -0.023397 0.013669 0.013540 -0.001075 0.016518 0.016249 -0.045595 0.016634 
-0.387081 1.052499 -0.097086 0.041342 -0.054497 0.023788 -0.071570 -0.009390 -0.038152 0.040333 -0.071979 0.101697 -0.075215 
0.095322 -0.013612 0.929125 -0.003382 -0.147170 0.010201 -0.002421 0.037957 -0.030372 -0.058685 -0.065029 -0.029871 -0.039174 
-0.510339 -0.205787 -0.074612 0.978270 0.169155 -0.015389 0.057122 0.012454 -0.013466 -0.004171 -0.055767 -0.030385 0.116755 
0.360462 0.109905 -0.000318 0.158578 0.932664 0.125327 0.002077 0.058583 -0.010878 -0.032653 -0.001332 0.000400 0.020438 
-0.478251 -0.098223 -0.120684 0.007916 0.099639 0.947396 0.023584 -0.044835 -0.080824 0.047129 0.028373 -0.014316 -0.040825 
0.218668 -0.167116 0.055624 0.029248 0.027132 0.057082 1.100064 0.089752 0.009462 -0.030393 0.129340 -0.059158 -0.038027 
0.133542 0.105391 0.027954 0.092266 -0.120956 0.013569 -0.027616 0.981056 0.003154 -0.011229 0.024409 0.099737 -0.179342 
-0.310366 -0.175565 -0.080721 -0.091595 -0.108978 -0.108814 -0.001121 0.032863 0.941665 -0.021874 -0.160710 0.138046 -0.109810 
0.031943 0.055068 0.030225 0.077014 0.079895 0.009756 0.005538 -0.009274 0.127935 1.063856 0.265034 -0.225614 0.236685 
0.131498 0.130422 0.049264 -0.067001 -0.094675 0.001954 0.012613 0.092932 -0.013958 0.154304 0.965895 0.034647 -0.117994 
-0.252540 -0.059659 -0.109201 -0.029277 -0.092396 -0.111873 0.007881 -0.038640 0.049838 -0.127018 -0.022871 1.066041 0.026118 
0.126189 -0.029069 0.032659 0.024705 0.037232 -0.030592 -0.185115 -0.099045 -0.120610 0.058446 0.004784 -0.086142 1.114633 
-3.922379 -0.439312 -2.020943 0.829837 -2.059823 2.305694 0.323178 -1.123527 2.477005 -0.660093 -1.086433 1.170695 -0.749977 
1.0 1.0 1.0 1.0 1.0 1.0 1.0 1.0 1.0 1.0 1.0 1.0 1.0 
13
1.199159 0.056444 0.046881 -0.027420 0.034178 -0.016380 0.002282 0.032720 -0.041688 0.025900 -0.008374 -0.022923 0.012349 
-0.295004 1.032897 -0.058467 -0.006057 -0.028376 -0.007477 -0.046556 0.009317 -0.001535 0.019683 -0.032592 0.033401 -0.011123 
0.088043 -0.000761 0.963268 -0.001457 -0.127461 -0.000639 -0.069232 0.038694 -0.000532 0.016432 -0.017889 0.021764 -0.049425 
-0.556026 -0.182803 -0.168306 1.011390 0.133335 0.040521 0.029423 -0.025646 -0.018831 -0.003496 -0.052035 -0.037355 0.073365 
0.437187 0.179484 0.124391 0.066942 1.031623 0.099527 0.016687 0.059302 -0.077876 -0.008184 0.019713 -0.064587 0.050318 
-0.491668 -0.145100 -0.176555 0.054608 0.063081 1.012113 0.014400 -0.041774 -0.056806 0.003114 -0.006480 -0.001100 -0.096085 
0.208308 -0.108350 -0.010695 0.006441 0.090356 0.002485 1.075578 0.043259 -0.002121 -0.054237 0.077971 -0.120234 -0.015973 
0.218502 0.205304 0.055906 0.034073 -0.122839 0.057910 -0.072911 1.026009 0.027296 0.043170 -0.091534 0.173494 -0.202490 
-0.348471 -0.161558 -0.011617 -0.023087 -0.241828 -0.020537 0.006857 0.008894 0.963115 0.008758 -0.150736 0.163344 -0.068049 
-0.048169 -0.016160 -0.133386 0.091169 0.048913 -0.046773 -0.019676 -0.082036 0.017507 0.962129 0.169973 -0.235116 0.224977 
0.094023 0.088879 0.068881 -0.089202 -0.068705 -0.005221 -0.060237 0.063705 0.042586 0.107892 0.997048 0.027328 -0.115304 
-0.283624 -0.052861 -0.126524 0.029669 -0.205456 -0.046253 -0.020997 -0.034944 0.019185 -0.050187 -0.002065 1.168077 0.043911 
0.182050 0.026256 -0.006638 0.051246 0.098856 -0.038761 -0.129579 -0.070273 -0.073141 0.006911 0.021583 -0.056689 1.138540 
0.209306 -0.290334 0.081644 0.225446 0.080275 0.249376 0.098474 0.076233 -0.070198 0.092432 -0.072290 -0.136693 0.060461 
1.0 1.0 1.0 1.0 1.0 1.0 1.0 1.0 1.0 1.0 1.0 1.0 1.0 
13
1.156553 0.028606 0.020854 -0.007751 0.037946 -0.014772 0.004549 0.022488 -0.031191 0.002535 0.005481 -0.010421 0.004034 
-0.173609 1.003436 0.013603 -0.024315 0.036164 -0.013848 -0.016080 -0.003204 -0.010743 0.028964 -0.030624 0.028202 0.009936 
0.120139 0.050791 0.984053 -0.007970 -0.107075 0.003467 -0.056140 0.064133 -0.005416 0.017156 0.016704 -0.002855 -0.041131 
-0.479756 -0.189890 -0.119058 1.042252 0.081683 0.020327 0.060538 -0.052558 0.011084 0.010284 -0.018601 -0.057705 0.093869 
0.391954 0.188448 0.055539 0.075360 1.087854 0.050407 0.006240 0.032044 -0.093518 -0.027812 -0.015368 -0.048917 0.019199 
-0.402322 -0.111944 -0.117553 0.021342 0.036125 1.065056 0.024754 -0.049774 -0.001145 -0.017395 0.004729 -0.008487 -0.063065 
0.184603 -0.070946 -0.064548 0.036808 0.056820 0.027472 1.090166 0.043258 -0.044703 -0.020108 0.022644 -0.089865 0.000649 
0.228420 0.168301 0.065925 -0.005431 -0.083543 0.030643 -0.040543 1.042506 0.032864 -0.021615 -0.045914 0.100912 -0.125941 
-0.352811 -0.125105 0.011749 -0.033055 -0.193291 0.000498 -0.026379 0.016925 1.064332 0.032006 -0.144989 0.173434 -0.100818 
-0.017229 -0.012465 -0.102895 0.062596 0.057885 -0.054946 -0.007914 -0.079356 0.018449 1.001623 0.128700 -0.182218 0.167028 
0.097044 0.066148 0.076795 -0.069799 -0.057738 0.024399 -0.060686 0.055632 -0.005860 0.090019 1.013777 0.024520 -0.095944 
-0.277831 -0.033667 -0.121509 0.005894 -0.185883 -0.016693 0.007715 -0.022505 0.056690 -0.033048 -0.020704 1.200021 -0.019741 
0.175357 0.038483 0.012801 0.017153 0.093273 -0.019621 -0.082203 -0.040410 -0.079728 0.025909 0.028393 -0.070949 1.180338 
0.004131 -0.025202 -0.086771 0.172204 0.205851 -0.214700 -0.056643 -0.086281 -0.134871 0.177632 -0.137314 0.002070 0.065886 
1.0 1.0 1.0 1.0 1.0 1.0 1.0 1.0 1.0 1.0 1.0 1.0 1.0 
