1
3
13
1.218357 0.042314 0.085380 -0.021879 -0.004771 0.011599 -0.009072 0.027414 0.003461 0.003933 -0.012247 -0.022695 0.015896 
-0.483411 1.038901 -0.144963 0.039193 -0.011984 0.003334 -0.057890 0.005955 -0.046622 0.030170 -0.029915 0.063550 -0.027726 
0.260680 -0.052065 0.939784 -0.011338 -0.158572 0.005722 0.023592 0.059723 0.002332 -0.060071 -0.064807 -0.049498 -0.107495 
-0.356359 -0.193548 -0.020068 0.961971 0.183088 -0.043350 0.103117 -0.071882 0.011778 -0.040832 -0.020031 -0.023985 0.209232 
0.189322 0.033411 -0.031858 0.132910 0.963106 0.060557 0.034357 0.074898 -0.024854 -0.053329 0.038659 -0.053303 0.005895 
-0.288818 -0.122536 -0.086291 -0.053498 0.104534 0.993609 0.070777 -0.116051 -0.017451 0.055232 0.041896 -0.037104 -0.083227 
0.144268 -0.231481 0.068338 0.005521 0.081486 0.036901 1.141922 0.094470 -0.004216 -0.038573 0.078006 -0.045759 -0.122547 
0.187817 0.106839 0.030816 0.019000 -0.072728 0.025094 -0.052553 0.933407 0.022078 0.052164 0.035865 0.136019 -0.074242 
-0.176752 -0.183249 -0.077044 -0.067659 -0.141292 -0.062921 -0.047640 0.058667 0.913738 -0.005037 -0.161723 0.153173 -0.180246 
-0.022093 0.053033 0.057262 0.022375 0.066009 0.014933 0.077609 0.036061 0.064755 1.105467 0.223193 -0.257804 0.275560 
0.207924 0.157381 0.054087 -0.055319 -0.121155 0.015823 -0.082177 0.054063 0.001576 0.078819 0.884470 0.081419 -0.068578 
-0.290937 -0.145373 -0.090206 0.030155 -0.101452 -0.123026 -0.006683 -0.050543 -0.011948 -0.138295 0.010139 1.078197 0.070545 
0.142570 -0.024188 0.057212 -0.009633 0.057424 -0.024886 -0.186423 -0.116370 -0.092573 0.022742 -0.013995 -0.074107 1.147167 
-4.032162 -0.143221 -2.703123 -0.007396 -1.364802 2.198379 0.798918 -1.645021 2.217147 -0.230141 -1.410859 1.457747 -0.759957 
1.0 1.0 1.0 1.0 1.0 1.0 1.0 1.0 1.0 1.0 1.0 1.0 1.0 
13
1.200562 0.060745 0.055241 -0.020848 0.001733 0.003601 -0.020510 0.038754 -0.037667 0.020138 -0.007938 -0.032029 -0.005007 
-0.377249 1.031791 -0.105180 0.008417 -0.010510 0.008232 -0.070466 0.048268 -0.035776 0.032118 -0.034882 0.025441 0.022420 
0.267693 -0.031552 1.016006 -0.016948 -0.129902 -0.022967 -0.015408 0.023368 0.019669 0.027185 -0.001550 0.002215 -0.053733 
-0.388065 -0.178128 -0.091575 0.995045 0.175223 -0.006661 0.065314 -0.076713 -0.028064 -0.024557 -0.030375 -0.064516 0.153121 
0.192245 0.151675 0.077549 0.082845 1.022566 0.083522 0.006346 0.049152 -0.041604 -0.017402 0.000720 -0.051277 0.049955 
-0.372956 -0.140736 -0.134966 0.010824 0.039727 1.050718 0.037146 -0.066843 -0.013764 0.023638 0.015187 0.007148 -0.106341 
0.161278 -0.170693 -0.016673 -0.002804 0.113567 0.057035 1.136156 0.109380 -0.023901 -0.052531 -0.001146 -0.025784 -0.105697 
0.246678 0.177966 0.057906 -0.012552 -0.093542 0.056042 -0.004658 0.956527 0.067489 0.041001 0.008606 0.091162 -0.035362 
-0.187394 -0.153603 0.032292 0.033234 -0.233764 0.001873 -0.012650 0.047711 1.000019 0.055071 -0.167126 0.184439 -0.136394 
-0.095613 -0.008734 -0.083367 0.033972 0.094252 -0.034070 0.043952 -0.063310 0.026075 0.972312 0.228222 -0.262810 0.307435 
0.197238 0.097613 0.056358 -0.035246 -0.105160 0.027309 -0.135005 0.013162 0.061109 0.102525 0.939518 0.125268 -0.092652 
-0.318132 -0.110750 -0.128835 0.065282 -0.194499 -0.080273 -0.012405 -0.035437 0.024094 -0.045943 0.008880 1.174798 0.027706 
0.110582 0.031121 -0.018260 0.036303 0.071971 -0.051233 -0.131565 -0.082768 -0.057582 -0.011360 0.063082 -0.059596 1.163242 
0.206077 -0.180632 0.118611 0.106952 -0.046941 0.245763 0.150909 -0.032921 -0.159741 0.138354 -0.153038 -0.109603 -0.156455 
1.0 1.0 1.0 1.0 1.0 1.0 1.0 1.0 1.0 1.0 1.0 1.0 1.0 
13
1.152460 0.035277 0.026412 -0.009567 0.013704 -0.006149 -0.001270 0.016662 -0.025709 -0.000232 0.002235 -0.016916 -0.001567 
-0.240388 0.986826 -0.027066 -0.024066 0.065046 -0.014251 -0.039193 0.012804 -0.029600 0.029406 -0.025441 0.012749 0.025934 
0.237174 0.018956 0.994251 0.003390 -0.129063 0.008342 -0.044347 0.060078 0.013198 0.013181 -0.000574 0.016267 -0.055613 
-0.350587 -0.154328 -0.075515 1.043625 0.106365 0.007724 0.059467 -0.060835 -0.020466 0.019689 -0.018856 -0.058176 0.123154 
0.200252 0.174311 0.047334 0.077042 1.075700 0.024087 -0.004060 0.026289 -0.046444 -0.002686 -0.009106 -0.043275 0.016480 
-0.306829 -0.097875 -0.094308 0.004374 0.030545 1.097402 0.039389 -0.065182 0.001673 0.013035 0.009945 0.012109 -0.080560 
0.149532 -0.152724 -0.062055 0.021004 0.067691 0.053982 1.149664 0.060922 -0.018639 -0.054134 -0.009804 -0.044498 -0.075106 
0.239710 0.160885 0.052860 -0.023248 -0.067926 0.037043 0.017849 1.014305 0.062794 0.012614 0.007292 0.057749 -0.014774 
-0.207797 -0.119819 0.077318 -0.009031 -0.189450 0.011786 -0.025783 0.041323 1.071630 0.060312 -0.124141 0.188903 -0.148044 
-0.084239 0.009202 -0.102505 0.023400 0.081837 -0.030930 0.028668 -0.052110 0.000432 1.033902 0.127176 -0.199872 0.228121 
0.204783 0.067771 0.089656 -0.028360 -0.080039 0.040927 -0.108559 0.004109 0.026539 0.079931 1.018589 0.074565 -0.057032 
-0.291843 -0.072658 -0.115535 0.027998 -0.185650 -0.031654 -0.002140 -0.038514 0.054727 -0.042789 0.004620 1.185650 -0.024077 
0.088202 0.054289 -0.043125 0.019609 0.063990 -0.031191 -0.097311 -0.023338 -0.069868 -0.019128 0.059657 -0.057849 1.216963 
0.042279 -0.013190 -0.017379 0.166336 0.197886 -0.210212 -0.084514 0.036482 -0.069892 -0.004776 -0.049836 -0.054547 0.113525 
1.0 1.0 1.0 1.0 1.0 1.0 1.0 1.0 1.0 1.0 1.0 1.0 1.0 
